  0%|          | 0/7 [00:00<?, ?it/s]***************
*Decision Tree with - 4 features*
***************
--------------------------------------------------
Best features to Decision Tree with 4: ['x2bar' 'x2ybr' 'x-ege' 'y-ege']

              precision    recall  f1-score   support

           0       0.78      0.83      0.81       147
           1       0.57      0.70      0.63       161
           2       0.66      0.73      0.69       150
           3       0.52      0.68      0.59       147
           4       0.68      0.67      0.68       155
           5       0.84      0.80      0.82       157
           6       0.62      0.73      0.67       151
           7       0.89      0.91      0.90       158
           8       0.55      0.50      0.52       161
           9       0.77      0.83      0.80       153
          10       0.80      0.79      0.80       158
          11       0.61      0.53      0.57       148
          12       0.62      0.66      0.64       154
          13       0.62      0.75      0.67       150
          14       0.60      0.60      0.60       157
          15       0.78      0.80      0.79       152
          16       0.61      0.67      0.64       157
          17       0.86      0.73      0.79       157
          18       0.87      0.84      0.86       151
          19       0.89      0.80      0.84       150
          20       0.85      0.84      0.85       163
          21       0.79      0.53      0.63       159
          22       0.82      0.82      0.82       147
          23       0.72      0.64      0.68       155
          24       0.66      0.55      0.60       153
          25       0.80      0.68      0.74       149

    accuracy                           0.71      4000
   macro avg       0.72      0.72      0.72      4000
weighted avg       0.72      0.71      0.72      4000


MSE to Decision Tree with - 4 features: 33.876
R2_score Decision Tree with - 4 features: 0.3940542078933903
Accuracy score Decision Tree with - 4 features: 0.715

Execution time to Decision Tree: 7.01s
***************
*Decision Tree with - 8 features*
***************
--------------------------------------------------
Best features to Decision Tree with 8: ['x2bar' 'y2bar' 'xybar' 'x2ybr' 'xy2br' 'x-ege' 'y-ege' 'yegvx']

              precision    recall  f1-score   support

           0       0.93      0.93      0.93       147
           1       0.87      0.89      0.88       161
           2       0.86      0.86      0.86       150
           3       0.79      0.80      0.79       147
           4       0.76      0.82      0.79       155
           5       0.88      0.92      0.90       157
           6       0.84      0.77      0.80       151
           7       0.92      0.85      0.88       158
           8       0.83      0.87      0.85       161
           9       0.91      0.92      0.91       153
          10       0.97      0.93      0.95       158
          11       0.86      0.82      0.84       148
          12       0.84      0.89      0.86       154
          13       0.84      0.82      0.83       150
          14       0.80      0.83      0.82       157
          15       0.94      0.92      0.93       152
          16       0.95      0.90      0.93       157
          17       0.89      0.90      0.90       157
          18       0.91      0.93      0.92       151
          19       0.91      0.94      0.92       150
          20       0.94      0.93      0.93       163
          21       0.94      0.91      0.92       159
          22       0.92      0.90      0.91       147
          23       0.84      0.86      0.85       155
          24       0.84      0.84      0.84       153
          25       0.90      0.90      0.90       149

    accuracy                           0.88      4000
   macro avg       0.88      0.88      0.88      4000
weighted avg       0.88      0.88      0.88      4000


MSE to Decision Tree with - 8 features: 13.272
R2_score Decision Tree with - 8 features: 0.762601471459472
Accuracy score Decision Tree with - 8 features: 0.87925

Execution time to Decision Tree: 24.56s
***************
*Decision Tree with - 12 features*
***************
--------------------------------------------------
 14%|█▍        | 1/7 [01:11<07:09, 71.58s/it]Best features to Decision Tree with 12: ['y-box' 'x-bar' 'y-bar' 'x2bar' 'y2bar' 'xybar' 'x2ybr' 'xy2br' 'x-ege'
 'xegvy' 'y-ege' 'yegvx']

              precision    recall  f1-score   support

           0       0.92      0.90      0.91       147
           1       0.91      0.87      0.89       161
           2       0.85      0.80      0.82       149
           3       0.78      0.82      0.80       147
           4       0.92      0.87      0.89       155
           5       0.88      0.86      0.87       157
           6       0.88      0.90      0.89       151
           7       0.95      0.94      0.95       158
           8       0.83      0.85      0.84       161
           9       0.91      0.93      0.92       153
          10       0.92      0.96      0.94       158
          11       0.88      0.88      0.88       148
          12       0.87      0.88      0.87       154
          13       0.86      0.82      0.84       151
          14       0.88      0.87      0.88       157
          15       0.92      0.91      0.92       152
          16       0.89      0.94      0.91       157
          17       0.88      0.87      0.88       157
          18       0.92      0.92      0.92       151
          19       0.93      0.93      0.93       150
          20       0.91      0.90      0.91       163
          21       0.92      0.92      0.92       159
          22       0.94      0.90      0.92       147
          23       0.85      0.92      0.88       155
          24       0.83      0.84      0.83       153
          25       0.93      0.92      0.93       149

    accuracy                           0.89      4000
   macro avg       0.89      0.89      0.89      4000
weighted avg       0.89      0.89      0.89      4000


MSE to Decision Tree with - 12 features: 13.15675
R2_score Decision Tree with - 12 features: 0.7645470478866965
Accuracy score Decision Tree with - 12 features: 0.89

Execution time to Decision Tree: 40.01s
*****
*KNN with - 4 features*
*****
--------------------------------------------------
Best features to KNN with 4: ['x2bar' 'x2ybr' 'x-ege' 'y-ege']

              precision    recall  f1-score   support

           0       0.79      0.85      0.82       147
           1       0.67      0.64      0.65       161
           2       0.70      0.74      0.72       149
           3       0.60      0.63      0.61       147
           4       0.63      0.66      0.64       155
           5       0.75      0.73      0.74       157
           6       0.58      0.49      0.53       152
           7       0.85      0.89      0.87       158
           8       0.49      0.52      0.51       161
           9       0.75      0.71      0.73       153
          10       0.78      0.81      0.80       158
          11       0.49      0.49      0.49       148
          12       0.63      0.62      0.62       154
          13       0.50      0.39      0.44       150
          14       0.43      0.43      0.43       157
          15       0.69      0.72      0.71       152
          16       0.68      0.66      0.67       157
          17       0.80      0.69      0.74       157
          18       0.87      0.81      0.84       151
          19       0.88      0.79      0.84       150
          20       0.78      0.78      0.78       163
          21       0.57      0.70      0.63       159
          22       0.67      0.76      0.71       147
          23       0.66      0.59      0.62       155
          24       0.58      0.61      0.60       153
          25       0.62      0.70      0.66       149

    accuracy                           0.67      4000
   macro avg       0.67      0.67      0.67      4000
weighted avg       0.67      0.67      0.67      4000


MSE to KNN with - 4 features: 36.7735
R2_score KNN with - 4 features: 0.3420259706277716
Accuracy score KNN with - 4 features: 0.67

Execution time to KNN: 50.63s
*****
*KNN with - 8 features*
*****
--------------------------------------------------
Best features to KNN with 8: ['x2bar' 'y2bar' 'xybar' 'x2ybr' 'xy2br' 'x-ege' 'y-ege' 'yegvx']

              precision    recall  f1-score   support

           0       0.97      0.97      0.97       147
           1       0.97      0.94      0.96       161
           2       0.92      0.97      0.95       149
           3       0.87      0.84      0.86       147
           4       0.92      0.86      0.89       155
           5       0.95      0.90      0.93       157
           6       0.86      0.94      0.90       151
           7       0.93      0.97      0.95       158
           8       0.90      0.93      0.91       161
           9       0.90      0.96      0.93       153
          10       0.99      0.98      0.99       158
          11       0.93      0.91      0.92       148
          12       0.93      0.93      0.93       154
          13       0.90      0.93      0.92       151
          14       0.95      0.91      0.93       157
          15       0.98      0.97      0.98       152
          16       0.97      0.96      0.96       157
          17       0.94      0.94      0.94       157
          18       0.95      0.95      0.95       151
          19       0.97      0.97      0.97       150
          20       0.98      0.98      0.98       163
          21       0.94      0.93      0.93       159
          22       0.95      0.94      0.95       147
          23       0.93      0.91      0.92       155
          24       0.90      0.90      0.90       153
          25       0.94      0.94      0.94       149

    accuracy                           0.94      4000
   macro avg       0.94      0.94      0.94      4000
weighted avg       0.94      0.94      0.94      4000


MSE to KNN with - 8 features: 6.978
R2_score KNN with - 8 features: 0.8751218424119458
Accuracy score KNN with - 8 features: 0.93625

Execution time to KNN: 98.31s
*****
*KNN with - 12 features*
*****
--------------------------------------------------
Best features to KNN with 12: ['x-box' 'x-bar' 'y-bar' 'x2bar' 'y2bar' 'xybar' 'x2ybr' 'xy2br' 'x-ege'
 'xegvy' 'y-ege' 'yegvx']
 29%|██▊       | 2/7 [05:53<16:17, 195.52s/it]
              precision    recall  f1-score   support

           0       0.99      0.99      0.99       147
           1       0.97      0.94      0.96       161
           2       0.95      0.99      0.97       149
           3       0.90      0.89      0.90       147
           4       0.95      0.91      0.93       155
           5       0.97      0.97      0.97       157
           6       0.92      0.96      0.94       152
           7       0.99      0.94      0.97       158
           8       0.93      0.94      0.93       161
           9       0.95      0.93      0.94       153
          10       1.00      0.99      1.00       158
          11       0.95      0.93      0.94       148
          12       0.97      0.97      0.97       154
          13       0.90      0.94      0.92       150
          14       0.97      0.94      0.95       157
          15       0.99      0.99      0.99       152
          16       0.99      0.99      0.99       157
          17       0.96      0.97      0.97       157
          18       0.97      0.93      0.95       151
          19       0.97      0.99      0.98       150
          20       0.97      0.99      0.98       163
          21       0.98      0.99      0.98       159
          22       0.99      0.98      0.99       147
          23       0.96      0.97      0.96       155
          24       0.93      0.95      0.94       153
          25       0.93      0.97      0.95       149

    accuracy                           0.96      4000
   macro avg       0.96      0.96      0.96      4000
weighted avg       0.96      0.96      0.96      4000


MSE to KNN with - 12 features: 3.84525
R2_score KNN with - 12 features: 0.931198427224943
Accuracy score KNN with - 12 features: 0.96025

Execution time to KNN: 133.33s
***************
*Random Forest with - 4 features*
***************
--------------------------------------------------
Best features to Random Forest with 4: ['x2bar' 'x2ybr' 'x-ege' 'y-ege']

              precision    recall  f1-score   support

           0       0.84      0.87      0.85       147
           1       0.71      0.57      0.63       161
           2       0.68      0.63      0.65       149
           3       0.66      0.60      0.63       147
           4       0.75      0.68      0.71       155
           5       0.81      0.78      0.79       157
           6       0.63      0.75      0.68       152
           7       0.86      0.88      0.87       158
           8       0.52      0.49      0.51       161
           9       0.78      0.88      0.83       153
          10       0.81      0.84      0.82       158
          11       0.48      0.43      0.45       148
          12       0.65      0.61      0.63       154
          13       0.54      0.66      0.59       150
          14       0.58      0.62      0.60       157
          15       0.79      0.80      0.79       152
          16       0.64      0.70      0.67       157
          17       0.82      0.81      0.82       157
          18       0.88      0.85      0.87       151
          19       0.85      0.86      0.86       150
          20       0.83      0.87      0.85       163
          21       0.78      0.65      0.71       159
          22       0.74      0.73      0.73       147
          23       0.60      0.68      0.64       155
          24       0.58      0.62      0.60       153
          25       0.76      0.69      0.72       149

    accuracy                           0.71      4000
   macro avg       0.71      0.71      0.71      4000
weighted avg       0.71      0.71      0.71      4000


MSE to Random Forest with - 4 features: 32.50575
R2_score Random Forest with - 4 features: 0.4183871726850501
Accuracy score Random Forest with - 4 features: 0.713

Execution time to Random Forest: 43.08s
***************
*Random Forest with - 8 features*
***************
--------------------------------------------------
Best features to Random Forest with 8: ['x2bar' 'y2bar' 'xybar' 'x2ybr' 'xy2br' 'x-ege' 'xegvy' 'y-ege']

              precision    recall  f1-score   support

           0       0.98      0.97      0.97       147
           1       0.92      0.91      0.92       161
           2       0.95      0.93      0.94       149
           3       0.87      0.88      0.87       147
           4       0.95      0.90      0.92       155
           5       0.95      0.94      0.95       157
           6       0.84      0.94      0.88       151
           7       0.97      0.96      0.97       158
           8       0.85      0.91      0.88       161
           9       0.94      0.95      0.94       153
          10       0.96      0.96      0.96       158
          11       0.92      0.94      0.93       148
          12       0.87      0.93      0.90       154
          13       0.85      0.87      0.86       151
          14       0.86      0.90      0.88       157
          15       0.96      0.95      0.95       152
          16       0.93      0.97      0.95       157
          17       0.92      0.92      0.92       157
          18       0.96      0.95      0.95       151
          19       0.98      0.96      0.97       150
          20       0.98      0.94      0.96       163
          21       0.98      0.96      0.97       159
          22       0.98      0.89      0.93       147
          23       0.90      0.85      0.87       155
          24       0.92      0.92      0.92       153
          25       0.93      0.91      0.92       149

    accuracy                           0.93      4000
   macro avg       0.93      0.93      0.93      4000
weighted avg       0.93      0.93      0.93      4000


MSE to Random Forest with - 8 features: 7.68375
R2_score Random Forest with - 8 features: 0.862491753601718
Accuracy score Random Forest with - 8 features: 0.92675

Execution time to Random Forest: 162.35s
***************
*Random Forest with - 12 features*
***************
--------------------------------------------------
Best features to Random Forest with 12: ['width' 'x-bar' 'y-bar' 'x2bar' 'y2bar' 'xybar' 'x2ybr' 'xy2br' 'x-ege'
 'xegvy' 'y-ege' 'yegvx']

 43%|████▎     | 3/7 [12:12<18:35, 278.98s/it]              precision    recall  f1-score   support

           0       0.97      0.95      0.96       147
           1       0.91      0.96      0.93       161
           2       0.91      0.96      0.94       150
           3       0.83      0.82      0.83       147
           4       0.92      0.95      0.94       155
           5       0.92      0.97      0.94       157
           6       0.88      0.94      0.91       151
           7       0.98      0.94      0.96       158
           8       0.88      0.93      0.90       161
           9       0.94      0.95      0.94       153
          10       0.99      0.99      0.99       158
          11       0.90      0.91      0.91       148
          12       0.90      0.95      0.92       154
          13       0.88      0.95      0.91       150
          14       0.93      0.92      0.92       157
          15       0.99      0.95      0.97       152
          16       0.95      0.88      0.91       157
          17       0.97      0.98      0.98       157
          18       0.97      0.91      0.94       151
          19       0.97      0.95      0.96       150
          20       0.96      0.97      0.97       163
          21       0.99      0.93      0.96       159
          22       0.99      0.93      0.96       147
          23       0.94      0.86      0.90       155
          24       0.92      0.92      0.92       153
          25       0.95      0.93      0.94       149

    accuracy                           0.93      4000
   macro avg       0.94      0.93      0.93      4000
weighted avg       0.94      0.93      0.93      4000


MSE to Random Forest with - 12 features: 7.47675
R2_score Random Forest with - 12 features: 0.8662620970264171
Accuracy score Random Forest with - 12 features: 0.93475

Execution time to Random Forest: 172.88s
*********************
*Logistic Regression with - 4 features*
*********************
--------------------------------------------------
Best features to Logistic Regression with 4: ['xy2br' 'x-ege' 'xegvy' 'y-ege']

              precision    recall  f1-score   support

           0       0.46      0.52      0.49       147
           1       0.62      0.71      0.66       161
           2       0.15      0.16      0.15       149
           3       0.34      0.18      0.23       147
           4       0.38      0.23      0.29       155
           5       0.72      0.66      0.69       157
           6       0.33      0.30      0.31       152
           7       0.84      0.85      0.85       158
           8       0.55      0.75      0.63       161
           9       0.63      0.67      0.65       153
          10       0.59      0.72      0.65       158
          11       0.47      0.54      0.50       148
          12       0.41      0.40      0.40       154
          13       0.29      0.35      0.32       150
          14       0.24      0.17      0.20       157
          15       0.26      0.11      0.15       152
          16       0.20      0.17      0.18       157
          17       0.51      0.61      0.56       157
          18       0.47      0.74      0.58       151
          19       0.79      0.85      0.82       150
          20       0.51      0.60      0.55       163
          21       0.26      0.08      0.12       159
          22       0.65      0.79      0.71       147
          23       0.25      0.23      0.24       155
          24       0.29      0.39      0.33       153
          25       0.56      0.56      0.56       149

    accuracy                           0.47      4000
   macro avg       0.45      0.47      0.45      4000
weighted avg       0.45      0.47      0.46      4000


MSE to Logistic Regression with - 4 features: 60.592
R2_score Logistic Regression with - 4 features: -0.08414924844581195
Accuracy score Logistic Regression with - 4 features: 0.4745

Execution time to Logistic Regression: 1663.83s
*********************
*Logistic Regression with - 8 features*
*********************
--------------------------------------------------
Best features to Logistic Regression with 8: ['y-bar' 'x2bar' 'y2bar' 'xybar' 'xy2br' 'x-ege' 'xegvy' 'y-ege']

              precision    recall  f1-score   support

           0       0.75      0.68      0.71       147
           1       0.81      0.82      0.81       161
           2       0.46      0.52      0.49       150
           3       0.47      0.35      0.40       147
           4       0.70      0.74      0.72       155
           5       0.86      0.75      0.80       157
           6       0.63      0.68      0.65       151
           7       0.84      0.88      0.86       158
           8       0.68      0.82      0.74       161
           9       0.79      0.78      0.78       153
          10       0.84      0.82      0.83       158
          11       0.50      0.51      0.50       148
          12       0.60      0.60      0.60       154
          13       0.60      0.62      0.61       150
          14       0.47      0.52      0.49       157
          15       0.87      0.76      0.81       152
          16       0.60      0.70      0.65       157
          17       0.61      0.59      0.60       157
          18       0.73      0.75      0.74       151
          19       0.84      0.89      0.86       150
          20       0.76      0.74      0.75       163
          21       0.72      0.69      0.71       159
          22       0.79      0.70      0.74       147
          23       0.62      0.48      0.54       155
          24       0.57      0.59      0.58       153
          25       0.69      0.72      0.71       149

    accuracy                           0.68      4000
   macro avg       0.68      0.68      0.68      4000
weighted avg       0.69      0.68      0.68      4000


MSE to Logistic Regression with - 8 features: 36.56625
R2_score Logistic Regression with - 8 features: 0.3459332471183634
Accuracy score Logistic Regression with - 8 features: 0.68275

Execution time to Logistic Regression: 5659.61s
*********************
*Logistic Regression with - 12 features*
*********************
--------------------------------------------------
Best features to Logistic Regression with 12: ['width' 'onpix' 'x-bar' 'y-bar' 'x2bar' 'y2bar' 'xybar' 'xy2br' 'x-ege'
 'xegvy' 'y-ege' 'yegvx']
 57%|█████▋    | 4/7 [4:53:21<5:41:26, 6828.75s/it]
              precision    recall  f1-score   support

           0       0.78      0.74      0.76       147
           1       0.84      0.83      0.84       161
           2       0.54      0.56      0.55       149
           3       0.61      0.48      0.53       147
           4       0.75      0.72      0.74       155
           5       0.93      0.88      0.90       157
           6       0.64      0.70      0.67       151
           7       0.85      0.91      0.88       158
           8       0.78      0.84      0.81       161
           9       0.86      0.86      0.86       153
          10       0.88      0.87      0.88       158
          11       0.70      0.76      0.73       148
          12       0.73      0.78      0.75       154
          13       0.64      0.65      0.64       151
          14       0.65      0.70      0.67       157
          15       0.79      0.74      0.76       152
          16       0.71      0.78      0.74       157
          17       0.75      0.74      0.74       157
          18       0.73      0.79      0.76       151
          19       0.84      0.90      0.87       150
          20       0.81      0.79      0.80       163
          21       0.74      0.77      0.75       159
          22       0.79      0.76      0.77       147
          23       0.67      0.50      0.57       155
          24       0.57      0.60      0.59       153
          25       0.80      0.70      0.75       149

    accuracy                           0.75      4000
   macro avg       0.74      0.74      0.74      4000
weighted avg       0.75      0.75      0.74      4000


MSE to Logistic Regression with - 12 features: 30.369
R2_score Logistic Regression with - 12 features: 0.4565169435666928
Accuracy score Logistic Regression with - 12 features: 0.7455

Execution time to Logistic Regression: 9546.11s
**********
*Gaussian with - 4 features*
**********
--------------------------------------------------
Best features to Gaussian with 4: ['y2bar' 'xy2br' 'x-ege' 'xegvy']

              precision    recall  f1-score   support

           0       0.53      0.61      0.57       147
           1       0.73      0.75      0.74       161
           2       0.75      0.08      0.15       149
           3       0.56      0.25      0.35       147
           4       0.46      0.46      0.46       155
           5       0.49      0.64      0.55       157
           6       0.30      0.33      0.32       152
           7       0.68      0.85      0.76       158
           8       0.52      0.54      0.53       161
           9       0.54      0.71      0.61       153
          10       0.76      0.84      0.80       158
          11       0.38      0.28      0.32       148
          12       0.37      0.23      0.29       154
          13       0.33      0.45      0.38       150
          14       0.50      0.39      0.44       157
          15       0.68      0.43      0.53       152
          16       0.21      0.30      0.25       157
          17       0.40      0.24      0.30       157
          18       0.37      0.79      0.51       151
          19       0.64      0.86      0.74       150
          20       0.46      0.50      0.48       163
          21       0.45      0.38      0.41       159
          22       0.63      0.64      0.64       147
          23       0.52      0.21      0.30       155
          24       0.27      0.39      0.32       153
          25       0.79      0.58      0.67       149

    accuracy                           0.49      4000
   macro avg       0.51      0.49      0.48      4000
weighted avg       0.51      0.49      0.48      4000


MSE to Gaussian with - 4 features: 53.748
R2_score Gaussian with - 4 features: 0.03830779961933106
Accuracy score Gaussian with - 4 features: 0.49025

Execution time to Gaussian: 5.33s
**********
*Gaussian with - 8 features*
**********
--------------------------------------------------
Best features to Gaussian with 8: ['y-bar' 'x2bar' 'y2bar' 'xy2br' 'x-ege' 'xegvy' 'y-ege' 'yegvx']

              precision    recall  f1-score   support

           0       0.76      0.71      0.73       147
           1       0.95      0.75      0.84       161
           2       0.27      0.25      0.26       150
           3       0.69      0.35      0.46       147
           4       0.66      0.69      0.67       155
           5       0.91      0.75      0.82       157
           6       0.55      0.62      0.58       151
           7       0.79      0.91      0.84       158
           8       0.64      0.67      0.65       161
           9       0.68      0.83      0.74       153
          10       0.87      0.85      0.86       158
          11       0.48      0.38      0.42       148
          12       0.74      0.47      0.57       154
          13       0.54      0.72      0.62       150
          14       0.46      0.52      0.49       157
          15       0.87      0.81      0.84       152
          16       0.43      0.64      0.52       157
          17       0.45      0.26      0.33       157
          18       0.68      0.76      0.72       151
          19       0.74      0.86      0.79       150
          20       0.87      0.80      0.84       163
          21       0.62      0.75      0.68       159
          22       0.85      0.76      0.80       147
          23       0.56      0.56      0.56       155
          24       0.48      0.72      0.57       153
          25       0.92      0.64      0.76       149

    accuracy                           0.66      4000
   macro avg       0.67      0.66      0.65      4000
weighted avg       0.67      0.66      0.65      4000


MSE to Gaussian with - 8 features: 37.41975
R2_score Gaussian with - 8 features: 0.33066654698957043
Accuracy score Gaussian with - 8 features: 0.6565

Execution time to Gaussian: 8.78s
**********
*Gaussian with - 12 features*
**********
--------------------------------------------------
 71%|███████▏  | 5/7 [4:53:47<2:25:51, 4375.56s/it]Best features to Gaussian with 12: ['y-box' 'x-bar' 'y-bar' 'x2bar' 'y2bar' 'xybar' 'x2ybr' 'xy2br' 'x-ege'
 'xegvy' 'y-ege' 'yegvx']

              precision    recall  f1-score   support

           0       0.85      0.72      0.78       147
           1       0.92      0.74      0.82       161
           2       0.33      0.34      0.33       150
           3       0.51      0.20      0.29       147
           4       0.69      0.75      0.72       155
           5       0.88      0.68      0.77       157
           6       0.58      0.70      0.63       151
           7       0.72      0.91      0.80       158
           8       0.59      0.71      0.64       161
           9       0.63      0.80      0.71       153
          10       0.79      0.84      0.81       158
          11       0.58      0.49      0.53       148
          12       0.69      0.38      0.49       154
          13       0.48      0.70      0.57       150
          14       0.58      0.56      0.57       157
          15       0.91      0.80      0.85       152
          16       0.45      0.59      0.51       157
          17       0.65      0.34      0.45       157
          18       0.69      0.78      0.73       151
          19       0.73      0.83      0.78       150
          20       0.83      0.69      0.75       163
          21       0.76      0.69      0.72       159
          22       0.84      0.77      0.80       147
          23       0.48      0.60      0.53       155
          24       0.48      0.71      0.57       153
          25       0.81      0.68      0.74       149

    accuracy                           0.65      4000
   macro avg       0.67      0.65      0.65      4000
weighted avg       0.67      0.65      0.65      4000


MSE to Gaussian with - 12 features: 39.48125
R2_score Gaussian with - 12 features: 0.29379214474527426
Accuracy score Gaussian with - 12 features: 0.65425

Execution time to Gaussian: 11.69s
