  0%|          | 0/1 [00:00<?, ?it/s]*****
*MLP with - 8 features*
*****
--------------------------------------------------
Best features to MLP with 8: ['x2bar' 'y2bar' 'xybar' 'x2ybr' 'xy2br' 'x-ege' 'xegvy' 'y-ege']

              precision    recall  f1-score   support

           0       0.77      0.85      0.81       147
           1       0.85      0.84      0.85       161
           2       0.69      0.56      0.62       150
           3       0.68      0.67      0.68       147
           4       0.84      0.73      0.78       155
           5       0.85      0.86      0.86       157
           6       0.66      0.75      0.70       151
           7       0.94      0.92      0.93       158
           8       0.79      0.74      0.76       161
           9       0.77      0.84      0.80       153
          10       0.90      0.92      0.91       158
          11       0.85      0.76      0.80       148
          12       0.84      0.73      0.78       154
          13       0.68      0.75      0.71       150
          14       0.79      0.75      0.77       157
          15       0.90      0.91      0.91       152
          16       0.77      0.89      0.82       157
          17       0.80      0.83      0.82       157
          18       0.86      0.82      0.84       151
          19       0.91      0.92      0.91       150
          20       0.88      0.88      0.88       163
          21       0.83      0.86      0.84       159
          22       0.91      0.87      0.89       147
          23       0.76      0.77      0.77       155
          24       0.73      0.83      0.77       153
          25       0.84      0.78      0.81       149

    accuracy                           0.81      4000
   macro avg       0.81      0.81      0.81      4000
weighted avg       0.81      0.81      0.81      4000


MSE to MLP with - 8 features: 21.462
R2_score MLP with - 8 features: 0.6161055440373108
Accuracy score MLP with - 8 features: 0.81

Execution time to MLP: 16620.21s
*****
*MLP with - 12 features*
*****
--------------------------------------------------
Best features to MLP with 12: ['high' 'x-bar' 'y-bar' 'x2bar' 'y2bar' 'xybar' 'x2ybr' 'xy2br' 'x-ege'
 'xegvy' 'y-ege' 'yegvx']
100%|██████████| 1/1 [8:37:51<00:00, 31071.46s/it]
              precision    recall  f1-score   support

           0       0.93      0.82      0.87       147
           1       0.88      0.80      0.83       161
           2       0.77      0.78      0.77       149
           3       0.68      0.76      0.72       147
           4       0.84      0.81      0.83       155
           5       0.88      0.89      0.88       157
           6       0.79      0.74      0.76       152
           7       0.86      0.91      0.88       158
           8       0.79      0.83      0.81       161
           9       0.88      0.89      0.88       153
          10       0.92      0.92      0.92       158
          11       0.85      0.82      0.84       148
          12       0.78      0.80      0.79       154
          13       0.81      0.83      0.82       150
          14       0.81      0.87      0.84       157
          15       0.93      0.88      0.90       152
          16       0.85      0.89      0.87       157
          17       0.89      0.89      0.89       157
          18       0.96      0.85      0.90       151
          19       0.86      0.87      0.87       150
          20       0.91      0.89      0.90       163
          21       0.91      0.91      0.91       159
          22       0.85      0.88      0.87       147
          23       0.78      0.76      0.77       155
          24       0.79      0.83      0.81       153
          25       0.87      0.91      0.89       149

    accuracy                           0.85      4000
   macro avg       0.85      0.85      0.85      4000
weighted avg       0.85      0.85      0.85      4000


MSE to MLP with - 12 features: 18.01525
R2_score MLP with - 12 features: 0.6776600912981349
Accuracy score MLP with - 12 features: 0.84625

Execution time to MLP: 14451.23s

