  0%|          | 0/2 [00:00<?, ?it/s]*****
*MLP with - 4 features*
*****
--------------------------------------------------
Best features to MLP with 4: ['y2bar' 'x-ege' 'xegvy' 'y-ege']

              precision    recall  f1-score   support

           0       0.82      0.67      0.73       147
           1       0.60      0.72      0.65       161
           2       0.51      0.49      0.50       150
           3       0.52      0.55      0.53       147
           4       0.67      0.58      0.62       155
           5       0.77      0.81      0.79       157
           6       0.45      0.65      0.53       151
           7       0.95      0.89      0.92       158
           8       0.50      0.45      0.47       161
           9       0.84      0.84      0.84       153
          10       0.89      0.88      0.88       158
          11       0.47      0.45      0.46       148
          12       0.44      0.52      0.48       154
          13       0.53      0.68      0.60       150
          14       0.46      0.59      0.52       157
          15       0.73      0.58      0.64       152
          16       0.63      0.49      0.55       157
          17       0.71      0.52      0.60       157
          18       0.79      0.73      0.76       151
          19       0.88      0.91      0.89       150
          20       0.83      0.70      0.76       163
          21       0.59      0.48      0.53       159
          22       0.68      0.53      0.60       147
          23       0.39      0.46      0.42       155
          24       0.46      0.63      0.53       153
          25       0.83      0.70      0.76       149

    accuracy                           0.63      4000
   macro avg       0.65      0.63      0.64      4000
weighted avg       0.65      0.63      0.64      4000


MSE to MLP with - 4 features: 40.8605
R2_score MLP with - 4 features: 0.2691212646601685
Accuracy score MLP with - 4 features: 0.63425

Execution time to MLP: 6543.64s
*****
*MLP with - 8 features*
*****
--------------------------------------------------