  0%|          | 0/1 [00:00<?, ?it/s]*****
*SVM with - 8 features*
*****
--------------------------------------------------
Best features to SVM with 8: ['x2bar' 'y2bar' 'xybar' 'x2ybr' 'xy2br' 'x-ege' 'xegvy' 'y-ege']

              precision    recall  f1-score   support

           0       0.97      0.95      0.96       147
           1       0.96      0.90      0.93       161
           2       0.90      0.92      0.91       150
           3       0.88      0.83      0.85       147
           4       0.90      0.94      0.92       155
           5       0.91      0.95      0.93       157
           6       0.76      0.90      0.83       151
           7       0.99      0.95      0.97       158
           8       0.88      0.83      0.85       161
           9       0.93      0.93      0.93       153
          10       0.97      0.94      0.96       158
          11       0.91      0.91      0.91       148
          12       0.85      0.90      0.87       154
          13       0.89      0.92      0.90       150
          14       0.86      0.96      0.91       157
          15       0.94      0.93      0.93       152
          16       0.93      0.95      0.94       157
          17       0.94      0.92      0.93       157
          18       0.97      0.93      0.95       151
          19       0.96      1.00      0.98       150
          20       0.97      0.95      0.96       163
          21       0.97      0.91      0.94       159
          22       0.94      0.89      0.91       147
          23       0.92      0.84      0.88       155
          24       0.87      0.93      0.90       153
          25       0.97      0.91      0.94       149

    accuracy                           0.92      4000
   macro avg       0.92      0.92      0.92      4000
weighted avg       0.92      0.92      0.92      4000


MSE to SVM with - 8 features: 8.079
R2_score SVM with - 8 features: 0.85548954851726
Accuracy score SVM with - 8 features: 0.919

Execution time to SVM: 17511.50s
*****
*SVM with - 12 features*
*****
--------------------------------------------------
Best features to SVM with 12: ['width' 'x-bar' 'y-bar' 'x2bar' 'y2bar' 'xybar' 'x2ybr' 'xy2br' 'x-ege'
 'xegvy' 'y-ege' 'yegvx']
100%|██████████| 1/1 [8:48:26<00:00, 31706.22s/it]
              precision    recall  f1-score   support

           0       0.97      0.99      0.98       147
           1       0.97      0.96      0.97       161
           2       0.97      0.95      0.96       150
           3       0.92      0.87      0.90       147
           4       0.93      0.95      0.94       155
           5       0.99      0.99      0.99       157
           6       0.88      0.97      0.92       151
           7       0.96      1.00      0.98       158
           8       0.93      0.97      0.95       161
           9       0.97      0.94      0.95       153
          10       1.00      0.99      1.00       158
          11       0.96      0.93      0.95       148
          12       0.92      0.97      0.95       154
          13       0.96      0.97      0.96       150
          14       0.98      0.96      0.97       157
          15       1.00      0.97      0.99       152
          16       0.99      0.97      0.98       157
          17       0.99      0.99      0.99       157
          18       0.99      0.94      0.96       151
          19       0.98      0.99      0.99       150
          20       0.99      0.97      0.98       163
          21       0.98      0.97      0.98       159
          22       0.98      0.95      0.96       147
          23       0.97      0.91      0.94       155
          24       0.93      0.97      0.95       153
          25       0.95      0.98      0.96       149

    accuracy                           0.96      4000
   macro avg       0.96      0.96      0.96      4000
weighted avg       0.96      0.96      0.96      4000


MSE to SVM with - 12 features: 4.4825
R2_score SVM with - 12 features: 0.9198207576715705
Accuracy score SVM with - 12 features: 0.96275

Execution time to SVM: 14194.69s

