  0%|          | 0/1 [00:00<?, ?it/s]*****
*SVM with - 4 features*
*****
--------------------------------------------------
Best features to SVM with 4: ['y2bar' 'x-ege' 'xegvy' 'y-ege']

              precision    recall  f1-score   support

           0       0.79      0.73      0.76       147
           1       0.67      0.76      0.72       161
           2       0.66      0.61      0.63       150
           3       0.54      0.69      0.61       147
           4       0.63      0.66      0.64       155
           5       0.75      0.87      0.80       157
           6       0.47      0.77      0.58       151
           7       0.93      0.91      0.92       158
           8       0.53      0.45      0.49       161
           9       0.81      0.85      0.83       153
          10       0.93      0.84      0.88       158
          11       0.51      0.49      0.50       148
          12       0.56      0.61      0.58       154
          13       0.51      0.63      0.56       150
          14       0.49      0.65      0.56       157
          15       0.66      0.61      0.63       152
          16       0.61      0.57      0.59       157
          17       0.78      0.60      0.68       157
          18       0.86      0.71      0.78       151
          19       0.91      0.94      0.92       150
          20       0.88      0.65      0.75       163
          21       0.72      0.47      0.57       159
          22       0.68      0.60      0.64       147
          23       0.54      0.41      0.46       155
          24       0.60      0.69      0.64       153
          25       0.78      0.70      0.74       149

    accuracy                           0.67      4000
   macro avg       0.69      0.67      0.67      4000
weighted avg       0.69      0.67      0.67      4000


MSE to SVM with - 4 features: 34.42875
R2_score SVM with - 4 features: 0.38416707433019115
Accuracy score SVM with - 4 features: 0.6715

Execution time to SVM: 10745.11s
*****
*SVM with - 8 features*
*****
--------------------------------------------------